function [preambleCode] = preamble()
    % «∞µº—µ¡∑–Ú¡–
    preambleCode = [7, 0, 3, 4, 1, 1, 1, 0, 2, 6, 1, 5, 1, 7, 0, 3, 5, 4, 2, 2, 6, 1, 2, 2, 0, 4, 5, 4, 1, 2, 2, 6, 7, 0, 7, 0, 1, 1, 5, 4, 2, 6, 5, 1, 1, 7, 4, 7, 5, 4, 6, 6, 6, 1, 6, 6, 0, 4, 1, 0, 1, 2, 6, 1, 7, 4, 7, 4, 1, 5, 5, 0, 2, 2, 5, 5, 1, 3, 4, 3, 5, 0, 6, 2, 6, 5, 6, 2, 0, 0, 1, 4, 1, 6, 6, 6, 7, 0, 3, 4, 5, 5, 5, 4, 2, 6, 1, 5, 5, 3, 4, 7, 5, 4, 2, 2, 2, 5, 6, 6, 0, 4, 5, 4, 5, 6, 6, 2, 7, 4, 3, 0, 1, 5, 1, 4, 2, 2, 1, 1, 1, 3, 0, 7, 5, 0, 2, 6, 6, 5, 2, 6, 0, 0, 5, 0, 1, 6, 2, 2, 7, 4, 3, 0, 5, 1, 5, 0, 2, 2, 1, 1, 5, 7, 4, 3, 5, 0, 2, 6, 2, 1, 6, 2, 0, 0, 5, 0, 5, 2, 6, 6];
end
